1111111001111010100010000111110010100100101111111
1000001001000001011010001000101111010111101000001
1011101010101010110011001101101011100001101011101
1011101011100101000000110000010100011101001011101
1011101011111101010111111111011100010100001011101
1000001010100101111010100011100111101110001000001
1111111010101010101010101010101010101010101111111
0000000010000111110110100010101111010110000000000
1011111001011010010111111110010001111101101111100
0111010000011101011000000101101110000100001000110
0110011000100110100101110010100001111100010101101
0110000111000001101011000001101010100010000010011
1010001111011011111100111110000100111111100101101
1001010110101001110001001100001010001000001011010
0001111101110001110100011011110110110010100110011
1000000110100000111001000000001101001101010011001
0110111101001100001110011101011000001011110000100
0000110001110110101000000100001101010000001010010
0100011010000111000011101011011000011111010001001
0000100010001100110001001000110111010101001110000
0011111110000110101110111101010001111110110000111
0010010100011011011101110001011100010000011110000
1011111111001110100101111111000101110010111111101
1100100010000011110001100011110110100110100011001
1010101010011001100111101011000000111110101010111
1100100010000011101001100010101110010101100011010
1100111110101001000000111110010001110010111110001
0001010111110111111100010101100010000100000000000
1000011011100100110001011100011000011011001011101
1011010001111111111111001101111100011100111100000
1111001001000000010010111100000010100111011001011
1100100101111110111110001011010000110000100100011
0010001000010011011010110100100111101111110011101
1111100111100111011100001101110010101101010000000
1111011001111010100101101100101111011010101001011
1000110001000100111101000010110011111110100110001
0111111110101100101011010001011100011011110010100
0010100001011100110101111010101110001100010100000
0100011111110000111111111000000001111011111000111
0111000101110000001000101110101110111010110010000
1110001100110101101100111111010000011101111110101
0000000011001011111101100010101101001100100010110
1111111000101101110100101011010110111010101011001
1000001010110111100101100010101011000100100010001
1011101011011101011100111110010101111010111111111
1011101011101011100001100110101000000101110110001
1011101010111000010101001010110111101010001101100
1000001000011001110000110110001101000001111001001
1111111010011110111010010001011000011101000000111
