1111111000111110101111111
1000001010100011001000001
1011101001010111001011101
1011101000100111101011101
1011101010000011101011101
1000001000010101001000001
1111111010101010101111111
0000000001000110000000000
1010101001111010000010010
1001000001010010011001000
1011111110110100111001011
1011100110001001010010000
0010111010011000011001111
0001010000011100000000000
1000111001011010101110111
0100000011001110000101010
1011111110110010111110000
0000000010110010100010110
1111111001000101101011111
1000001001010001100010000
1011101010101000111111101
1011101001111100000111000
1011101010111011001111001
1000001000001111110100010
1111111011010010111111111
